0 0.499583 0.498180 0.999165 0.996360
0 0.259599 0.481802 0.061770 0.315742
0 0.404841 0.482257 0.075125 0.287534
0 0.550918 0.501820 0.065109 0.215651
0 0.568030 0.870792 0.087646 0.254777
0 0.065526 0.825751 0.077629 0.264786
0 0.537563 0.124204 0.103506 0.248408
0 0.987896 0.070519 0.022538 0.141037
0 0.757513 0.842584 0.089316 0.229299
0 0.717446 0.466333 0.050918 0.237489
0 0.984140 0.083712 0.030050 0.167425
0 0.896494 0.503640 0.076795 0.206551
0 0.558013 0.694268 0.079299 0.600546
0 0.060518 0.516833 0.064274 0.231119
0 0.343489 0.131483 0.077629 0.206551
0 0.901085 0.808917 0.047579 0.243858
0 0.107679 0.167880 0.070117 0.195632
0 0.283806 0.818471 0.053422 0.190173
0 0.259599 0.614195 0.061770 0.580528
0 0.877713 0.091902 0.037563 0.183803
0 0.724124 0.652411 0.064274 0.607825
0 0.537563 0.303458 0.105175 0.606915
0 0.129382 0.157416 0.113523 0.216561
0 0.259599 0.424022 0.061770 0.202002
0 0.065526 0.680619 0.075960 0.555050
0 0.897329 0.666515 0.075125 0.528662
0 0.523372 0.084167 0.073456 0.168335
0 0.646494 0.579618 0.009182 0.003640
0 0.747078 0.654231 0.106845 0.604186
0 0.740818 0.510009 0.010851 0.020928
0 0.241653 0.581893 0.022538 0.115560
0 0.544240 0.545951 0.005008 0.003640
0 0.544240 0.545951 0.005008 0.005460
0 0.323873 0.484986 0.010017 0.010919
0 0.668614 0.830300 0.005008 0.008189
0 0.070952 0.536852 0.088481 0.844404
0 0.455342 0.166970 0.004174 0.004550
0 0.565526 0.590537 0.090985 0.813467
0 0.570534 0.206096 0.037563 0.084622
0 0.574290 0.577798 0.013356 0.065514
0 0.554674 0.502275 0.114357 0.991811
0 0.928631 0.584167 0.014190 0.045496